97.22778
161.4303
115.6102
267.21859
77.14476
298.391
311.25183
184.24679
195.10440
295.1334
183.13135
283.17250
141.6728
146.3212
226.5148
49.8041
148.24994
85.31568
24.28578
22.6375
166.6698
265.25732
276.27498
133.19253
148.31885
116.12342
21.25745
319.13264
323.13988
323.26603
59.0
7.21261
239.1123
136.24059
164.16818
179.30607
98.27822
296.2178
127.24467
199.14399
200.1734
317.5458
84.1325
186.24940
233.14228
149.20941
231.6936
156.15878
207.3778
121.5107
94.25507
241.21081
132.20736
216.3192
158.28313
18.32436
120.716
141.32325
243.26738
275.29701
248.10006
251.14970
276.29170
201.25070
180.20898
306.24643
187.12690
190.21278
182.9230
112.30894
231.20473
68.15212
53.29964
48.405
264.29701
63.11763
32.5242
327.27169
231.13720
189.14758
165.4320
22.31624
161.11247
62.12814
152.27664
101.15360
96.9166
27.22485
273.20069
168.2540
211.2161
140.7174
299.20237
123.19762
205.6946
72.13602
206.31818
86.1848
314.884
187.16341
